6639.014237454629 6884.005417735295 9344.902333700597 109.34324760645708 984.0575133068774 2638.3618110452544 6863.527882914566 1739.0825701477063 8482.620619610369 6078.865034156537 
3797.5899660607824 4610.828991364571 6626.514467934581 5007.397682184454 7567.759178655459 1732.1913446078463 4562.287906086402 5910.938274341245 6274.686406550209 3004.5762891426266 
1747.3363273863197 9366.184375666751 3900.2594126680533 3446.955742496278 6165.4984595556325 1480.4893926449802 2275.5315093008453 4600.872570075554 542.388834731411 4626.2491715066035 
96.38965537410505 8159.95881077716 6885.476093442095 3626.2709814961113 8809.043527038462 7673.879657349826 9371.186953521554 6760.549807071752 7540.9340988978765 6295.760551736242 
3111.078968868116 4490.261228604724 4418.677061901468 5973.789942426974 1651.3892652249328 2632.677402277097 9593.166435897192 6231.838685725886 9195.037231233431 871.0983186410948 
6082.990106871519 8740.568208377099 4482.418632487615 1946.7857853446878 8150.8092626704465 7249.648850000974 2027.0982618656365 1655.2720282591138 3343.386229065273 1133.3443386644904 
2974.772841851949 4857.312576543922 3554.4474355148427 4795.863453643999 2238.6409673181997 8115.137666987761 2510.590085774168 4489.515926492722 761.5837614082233 5277.551464114441 
1933.9576876684328 8717.855449376322 1765.323099342515 8362.814275511195 6301.420759879675 8327.627585673275 7668.992377793764 2426.1402102219445 6598.517894502865 7637.487061817785 
9994.321761511512 9749.026645925102 6757.427736547633 8508.085158561169 8021.897577463462 5650.525981817776 2571.7571767123272 5127.267274300005 3222.733852236117 5495.960004529823 
1796.9469297775565 8465.770802457773 5561.645515105288 66.4702345725221 5873.611048729424 5852.938635336215 4653.693098379227 4353.182078870523 8252.1438903905 2928.6196087159433 
